73
Coordinates from ORCA-job C53-PdNi-M1
  C   -0.02606828140399      0.11110495302999     -0.06113261502374
  C   -0.06518009718021     -0.04507825603066      1.37302583879834
  C   1.16653491632078     -0.23011842532820      2.07270693434600
  C   2.41276845419285     -0.22684240004033      1.34910003216023
  C   2.42653570849200      0.03612188216349     -0.06914752307469
  C   1.16303735450596      0.16410989787605     -0.74845618345867
  C   3.64873719317206     -0.41233940213735      2.00166847768440
  C   2.36041302469517     -0.50568497469041      4.24996162105360
  C   1.16660074170303     -0.31544859886712      3.50861284013622
  C   5.12730692239443     -0.98016082605003      4.33608757671183
  C   4.96984303402498     -0.54529627124064      5.71866581646638
  C   3.72007764568857     -0.36205004686117      6.37593453977554
  C   2.46051131352759     -0.34927826230229      5.64686127309352
  C   6.20375410816472     -0.30448405961145      6.41814807796630
  C   6.18821640456504     -0.12639166655627      7.83256057206756
  C   4.94263711378916     -0.09127101004191      8.52794946996843
  C   3.71112464791676     -0.15942529392208      7.79936936861072
  C   7.43189524777479      0.02265550754566      8.54574070793879
  C   7.38547769709970      0.14041918590655      9.97990781619044
  C   6.18975667765931      0.15322792054415     10.65516264048852
  C   4.93096095487378      0.06267932291806      9.96068555312638
  C   3.70098096414262      0.14300025195356     10.63294285453107
  C   2.47385657552702      0.11242565842173      9.93665194137011
  C   2.47256771574881     -0.02674650895683      8.50517369232774
  C   1.23128531382601     -0.02216143017887      7.78999570887195
  C   1.22032851242285     -0.14492308485040      6.36577552074411
  C   -0.02391009787216     -0.08273771685003      5.65790288558153
  C   -0.05552610572341     -0.14090732983985      4.23131447876530
  C   -1.29651027437438     -0.00383062373311      3.51052279208078
  C   -1.27531160649640      0.02452755970432      2.10503217619895
  C   -2.51183016789917      0.12672676683177      4.27209625056489
  C   -2.49208445484286      0.15869476447411      5.64499865812991
  C   -1.25948443213369      0.07644099123551      6.38588793477087
  C   -1.22437663339345      0.16094342400840      7.78625513669884
  C   -0.00959155619142      0.12225643815486      8.50358195922314
  C   0.02572377767871      0.23572011845949      9.93531387806304
  C   1.21615625337915      0.23006517087700     10.62180322016997
  C   8.63640338720547      0.06613469313767      7.82232680018361
  C   8.66273252396596     -0.00708072972597      6.41136389902300
  C   7.43798560598301     -0.21518236352728      5.69410430797415
  C   7.44324042627351     -0.21381106575314      4.25735561531569
  C   6.23280374641818     -0.45795275973654      3.53435449488250
  C   6.16441115698575     -0.19723703666077      2.13326354575536
  C   4.90681871011284     -0.18201325500152      1.40477932201099
  C   4.89717888690739      0.12000681001627     -0.01384546081064
  C   3.67194169000756      0.18478964320140     -0.71112526160032
  C   9.88145238767431      0.16383543757233      5.66201772722801
  C   9.87765197356347      0.21238186408090      4.28905290452419
  C   8.65780266984686      0.06298243661645      3.53902775940315
  C   8.60351834545295      0.18678190061485      2.13876630140104
  C   7.38476031833602      0.11131543180386      1.43274855549040
  C   7.33743550937085      0.35485249493777      0.01404738506117
  C   6.15238010532506      0.35512838129429     -0.67728085054086
  H   6.13805047855916      0.55638854508498     -1.75968853872666
  H   8.28521285063397      0.56015971826067     -0.50708513071761
  H   9.53010379356736      0.39557952419875      1.58128953735384
  H   10.81381447035739      0.38030947174748      3.73434075635873
  H   10.82203694360911      0.29183588532610      6.21984569589373
  H   -3.46415996159172      0.21361983910940      3.72643568292541
  H   8.33622785702547      0.23185204986845     10.52762943359500
  H   6.17140192774713      0.25403469402631     11.75142462477106
  H   -0.98099767150177      0.22443899108224     -0.59731346398158
  H   -2.22333063004309      0.14580269298694      1.55754689793188
  H   3.69173798222810      0.25551203123603     11.72854758165177
  H   1.22703403781652      0.32515028894303     11.71862180088173
  H   -0.92878188718889      0.33563484488106     10.47483177123575
  H   -2.16861846886206      0.27692262713959      8.34148171553205
  H   -3.43030417642333      0.26676756660454      6.21099222037383
  H   1.16915289913372      0.32391660327414     -1.83792555737749
  H   3.69213780143439      0.39896366731179     -1.79128713643505
  H   9.58436074571468      0.19853070494448      8.36751613178690
  Ni  3.62569889092534     -1.52129541561487      3.43878074849786
  Pd  5.27368878765403     -2.99404706729741      4.39424071202835
